((("likely" .
   [1 0 0 0 0 0])
  ("metal" .
   [1 0 0 0 0])
  ("IR" .
   [1 0])
  ("conduct" .
   [1 0 0 0 0 0 0])
  ("conductivity" .
   [1 0 0 0 0 0 0 0 0 0 0 0])
  ("conductive" .
   [1 0 0 0 0 0 0 0 0 0])
  ("thermal" .
   [2 0 0 0 0 0 0])
  ("tape" .
   [1 0 0 0])
  ("kaptontape" .
   [1 0 0 0 0 0 0 0 0 0])
  ("setup" .
   [1 0 0 0 0])
  ("due" .
   [1 0 0])
  ("foil" .
   [1 0 0 0])
  ("nickel" .
   [2 0 0 0 0 0])
  ("effective" .
   [2 0 0 0 0 0 0 0 0])
  ("play" .
   [1 0 0 0])
  ("every" .
   [1 0 0 0 0])
  ("Keithley" .
   [1 0 0 0 0 0 0 0])
  ("become" .
   [1 0 0 0 0 0])
  ("did" .
   [1 0 0])
  ("comparison" .
   [0 0 0 0 0 0 0 1 0 0])
  ("allow" .
   [1 0 0 0 0])
  ("currents" .
   [1 0 0 0 0 0 0 0])
  ("expanded" .
   [1 0 0 0 0 0 0 0])
  ("ARTEMIS" .
   [1 0 0 0 0 0 0])
  ("program" .
   [2 0 0 0 0 0 0])
  ("project" .
   [2 0 0 0 0 0 0])
  ("possible" .
   [1 0 0 0 0 0 0 0])
  ("source" .
   [1 0 0 0 0 0])
  ("makes" .
   [1 0 0 0 0])
  ("consistent" .
   [2 0 0 0 0 0 0 0 0 0])
  ("available" .
   [0 0 0 0 0 1 0 0 0])
  ("Because" .
   [1 0 0 0 0 0 0])
  ("See" .
   [1 0 0])
  ("measured" .
   [3 0 0 0 0 0 0 0])
  ("profile" .
   [2 0 0 0 0 0 0])
  ("As" .
   [1 0])
  ("once" .
   [1 0 0 0])
  ("although" .
   [2 0 0 0 0 0 0 0])
  ("-axis" .
   [1 0 0 0 0])
  ("negatively" .
   [1 0 0 0 0 0 0 0 0 0])
  ("lead" .
   [1 0 0 0])
  ("during" .
   [1 0 0 0 0 0])
  ("cyclotron" .
   [1 0 0 0 0 0 0 0 0])
  ("whereas" .
   [1 0 0 0 0 0 0])
  ("protons" .
   [2 0 0 0 0 0 0])
  ("bunches" .
   [1 0 0 0 0 0 0])
  ("Birmingham" .
   [2 0 0 0 0 0 0 0 0 0])
  ("key" .
   [1 0 0])
  ("One" .
   [1 0 0])
  ("measurements" .
   [2 0 0 0 0 0 0 0 0 0 0 0])
  ("approximately" .
   [1 0 0 0 0 0 0 0 0 0 0 0 0])
  ("paper" .
   [1 0 0 0 0])
  ("However" .
   [2 0 0 0 0 0 0])
  ("role" .
   [2 0 0 0])
  ("error" .
   [3 0 0 0 0])
  ("sources" .
   [1 0 0 0 0 0 0])
  ("reference" .
   [5 0 0 0 0 0 0 0 0])
  ("fit" .
   [1 0 0])
  ("obtained" .
   [2 0 0 0 0 0 0 0])
  ("well" .
   [2 0 0 0])
  ("Faraday" .
   [1 0 0 0 0 0 0])
  ("TIC" .
   [1 0 0])
  ("runs" .
   [1 0 0 0])
  ("degreesC" .
   [0 0 0 0 0 0 0 1])
  ("damage'" .
   [1 0 0 0 0 0 0])
  ("reverse" .
   [0 0 0 0 0 1 0])
  ("phenomenon" .
   [0 0 0 0 0 1 0 0 0 0])
  ("causes" .
   [1 0 0 0 0 0])
  ("Annealing" .
   [1 0 0 0 0 0 0 0 0])
  ("diode" .
   [4 0 0 0 0])
  ("nature" .
   [1 0 0 0 0 0])
  ("chang" .
   [1 0 0 0 0])
  ("caused" .
   [1 0 0 0 0 0])
  ("heating" .
   [3 0 0 0 0 0 0])
  ("healed" .
   [1 0 0 0 0 0])
  ("atoms" .
   [1 0 0 0 0])
  ("atom" .
   [1 0 0 0])
  ("removed" .
   [1 0 0 0 0 0 0])
  ("proton" .
   [2 0 0 0 0 0])
  ("incoming" .
   [1 0 0 0 0 0 0 0])
  ("flow" .
   [1 0 0 0])
  ("lattice" .
   [4 0 0 0 0 0 0])
  ("ionising" .
   [1 0 0 0 0 0 0 0])
  ("effects" .
   [1 0 0 0 0 0 0])
  ("NIEL" .
   [5 0 0 0])
  ("such" .
   [2 0 0 0])
  ("detector" .
   [1 0 0 0 0 0 0 0])
  ("indicating" .
   [1 0 0 0 0 0 0 0 0 0])
  ("current" .
   [2 0 0 0 0 0 0])
  ("ionised" .
   [1 0 0 0 0 0 0])
  ("simply" .
   [1 0 0 0 0 0])
  ("Ionising" .
   [1 0 0 0 0 0 0 0])
  ("discussed" .
   [1 0 0 0 0 0 0 0 0])
  ("method" .
   [1 0 0 0 0 0])
  ("annealing" .
   [6 0 0 0 0 0 0 0 0])
  ("Radiation" .
   [1 0 0 0 0 0 0 0 0])
  ("carriers" .
   [1 0 0 0 0 0 0 0])
  ("charge" .
   [2 0 0 0 0 0])
  ("through" .
   [2 0 0 0 0 0 0])
  ("equal" .
   [1 0 0 0 0])
  ("electrical" .
   [1 0 0 0 0 0 0 0 0 0])
  ("materials" .
   [1 0 0 0 0 0 0 0 0])
  ("explanation" .
   [1 0 0 0 0 0 0 0 0 0 0])
  ("levels" .
   [2 0 0 0 0 0])
  ("described" .
   [1 0 0 0 0 0 0 0 0])
  ("seen" .
   [2 0 0 0])
  ("changes" .
   [1 0 0 0 0 0 0])
  ("They" .
   [1 0 0 0])
  ("already" .
   [1 0 0 0 0 0 0])
  ("their" .
   [2 0 0 0 0])
  ("chosen" .
   [1 0 0 0 0 0])
  ("exam" .
   [1 0 0 0])
  ("around" .
   [1 0 0 0 0 0])
  ("isn't" .
   [1 0 0 0 0])
  ("He'll" .
   [2 0 0 0 0])
  ("website" .
   [1 0 0 0 0 0 0])
  ("Hz" .
   [1 0])
  ("has" .
   [1 0 0])
  ("dmf" .
   [1 0 0])
  ("really" .
   [1 0 0 0 0 0])
  ("intro" .
   [1 0 0 0 0])
  ("lecturedate" .
   [1 0 0 0 0 0 0 0 0 0 0])
  ("lecturenumber" .
   [1 0 0 0 0 0 0 0 0 0 0 0 0])
  ("amount" .
   [2 0 0 0 0 0])
  ("high" .
   [2 0 0 0])
  ("designed" .
   [1 0 0 0 0 1 0 0])
  ("BPW34F" .
   [1 0 0 0 0 0])
  ("irradiated" .
   [1 0 0 0 0 0 0 0 0 0])
  ("predictable" .
   [2 0 0 0 0 0 0 0 0 0 0])
  ("Diodes" .
   [1 0 0 0 0 0])
  ("various" .
   [1 0 0 0 0 0 0])
  ("damage" .
   [8 0 0 0 0 0])
  ("Measure" .
   [1 0 0 0 0 0 0])
  ("measurement" .
   [5 0 0 0 0 0 0 0 0 0 0])
  ("accurate" .
   [2 0 0 0 0 0 0 0])
  ("accuracy" .
   [1 0 0 0 0 0 0 0])
  ("Greater" .
   [1 0 0 0 0 0 0])
  ("results" .
   [5 0 0 0 0 0 0])
  ("place" .
   [1 0 0 0 0])
  ("change" .
   [4 0 0 0 0 0])
  ("shape" .
   [1 0 0 0 0])
  ("irradiation" .
   [3 0 0 0 0 0 0 0 0 0 0])
  ("silicon" .
   [6 0 0 0 0 0 0])
  ("4cm" .
   [1 0 0])
  ("conversion" .
   [1 0 0 0 0 0 0 0 0 0])
  ("Some" .
   [1 0 0 0])
  ("Equivalent" .
   [0 0 0 0 0 1 0 0 0 0])
  ("fluence" .
   [6 0 0 0 0 0 0])
  ("dE/dx" .
   [1 0 0 0 0])
  ("energies" .
   [2 0 0 0 0 0 0 0])
  ("1M" .
   [1 0])
  ("//commons" .
   [0 1 0 0 0 0 0 0 0])
  ("magnitude" .
   [0 0 0 0 1 0 0 0 0])
  ("jk" .
   [4 0])
  ("G" .
   [5])
  ("GW" .
   [6 0])
  ("we're" .
   [1 0 0 0 0])
  ("forgetting" .
   [1 0 0 0 0 0 0 0 0 0])
  ("uses" .
   [1 0 0 0])
  ("gravitational" .
   [2 0 0 0 0 0 0 0 0 0 0 0 0])
  ("methods" .
   [1 0 0 0 0 0 0])
  ("Gravitational" .
   [1 0 0 0 0 0 0 0 0 1 0 0 0])
  ("measure" .
   [3 0 0 0 0 0 0])
  ("therefore" .
   [4 0 0 0 0 0 0 0 0])
  ("BCS" .
   [2 0 0])
  ("becomes" .
   [1 0 0 0 0 0 0])
  ("off" .
   [1 0 0])
  ("More" .
   [1 0 0 0])
  ("reduced" .
   [1 0 0 0 0 0 0])
  ("-kT" .
   [1 0 0])
  ("essentially" .
   [1 0 0 0 0 0 0 0 0 0 0])
  ("condense" .
   [1 0 0 0 0 0 0 0])
  ("Cooper" .
   [1 0 0 0 0 0])
  ("slide" .
   [1 0 0 0 0])
  ("unstable" .
   [1 0 0 0 0 0 0 0])
  ("surface" .
   [1 0 0 0 0 0 0])
  ("attractive" .
   [1 0 0 0 0 0 0 0 0 0])
  ("only" .
   [4 0 0 0])
  ("kT" .
   [1 0])
  ("Pauli" .
   [1 0 0 0 0])
  ("center" .
   [1 0 0 0 0 0])
  ("pairs" .
   [2 0 0 0 0])
  ("Most" .
   [1 0 0 0])
  ("k'" .
   [4 0])
  ("via" .
   [1 0 0])
  ("Fermi" .
   [6 0 0 0 0])
  ("look" .
   [1 0 0 0])
  ("looks" .
   [1 0 0 0 0])
  ("mV" .
   [1 0])
  ("changepage" .
   [1 0 0 0 0 0 0 0 0 0])
  ("adjustbox" .
   [1 0 0 0 0 0 0 0 0])
  ("-6ex" .
   [1 0 0 0])
  ("adjustwidth" .
   [3 0 0 0 0 0 0 0 0 0 0])
  ("Me" .
   [1 0])
  ("Follow" .
   [1 0 0 0 0 0])
  ("Come" .
   [1 0 0 0])
  ("Linekar" .
   [0 0 0 0 1 0 0])
  ("Joseph" .
   [1 0 0 0 0 0])
  ("Lynne" .
   [1 0 0 0 0])
  ("Guest" .
   [1 0 0 0 0])
  ("Harrison" .
   [1 0 0 0 0 0 0 0])
  ("Muralla" .
   [1 0 0 0 0 0 0])
  ("Sister" .
   [3 0 0 0 0 0])
  ("God" .
   [1 0 0])
  ("Child" .
   [1 0 0 0 0])
  ("301" .
   [1 0 0])
  ("TASImage" .
   [1 0 0 0 0 0 0 0])
  ("TGraph2D" .
   [0 0 0 0 0 0 1 0])
  ("xArray" .
   [2 0 0 0 0 0])
  ("zArray" .
   [2 0 0 0 0 0])
  ("yArray" .
   [2 0 0 0 0 0])
  ("x_max" .
   [1 0 0 0 0])
  ("7016" .
   [1 0 0 0])
  ("4960" .
   [1 0 0 0])
  ("outfile" .
   [3 0 0 0 0 0 0])
  ("working" .
   [2 0 0 0 0 0 0])
  ("later" .
   [4 0 0 0 0])
  ("And" .
   [3 0 0])
  ("He" .
   [1 0])
  ("worry" .
   [1 0 0 0 0])
  ("online" .
   [1 0 0 0 0 0])
  ("I'll" .
   [1 0 0 0])
  ("lot" .
   [2 0 0])
  ("square" .
   [1 0 0 0 0 0])
  ("triangle" .
   [1 0 0 0 0 0 0 0])
  ("toc" .
   [1 0 0])
  ("fg=red" .
   [2 0 0 0 0 0])
  ("subitem" .
   [1 0 0 0 0 0 0])
  ("setbeamertemplate" .
   [3 0 0 0 0 0 0 0 0 0 0 0 0 0 0 0 0])
  ("itemize" .
   [2 0 0 0 0 0 0])
  ("I-V" .
   [1 0 0])
  ("LambertW" .
   [3 0 0 0 0 0 0 0])
  ("Errors" .
   [1 0 0 0 0 0])
  ("Analysis" .
   [1 0 0 1 1 0 0 0])
  ("before" .
   [1 0 0 0 0 0])
  ("author" .
   [1 0 0 0 0 0])
  ("2013" .
   [4 0 0 0])
  ("M" .
   [1])
  ("TGraphErrors" .
   [1 0 0 0 0 0 0 2 0 0 0 0])
  ("i>T" .
   [1 0 0])
  ("min" .
   [2 0 0])
  ("want" .
   [1 0 0 0])
  ("horizon" .
   [1 0 0 0 0 0 0])
  ("inflationary" .
   [1 0 0 0 0 0 0 0 0 0 0 0])
  ("reheating" .
   [1 0 0 1 0 0 0 0 0])
  ("temperature" .
   [4 0 0 0 0 0 1 0 0 0 0])
  ("again" .
   [1 0 0 0 0])
  ("factor" .
   [1 0 0 0 0 0])
  ("Inflation" .
   [1 0 0 0 0 0 0 0 0])
  ("inflation" .
   [4 0 0 0 1 0 0 0 0])
  ("text-mode-hook" .
   [1 0 0 0 0 0 0 0 0 0 0 0 0 0])
  ("add-hook" .
   [1 0 0 0 0 0 0 0])
  ("missionaries" .
   [1 0 0 0 0 0 0 0 0 0 0 0])
  ("him" .
   [1 0 0])
  ("Should" .
   [1 0 0 0 0 0])
  ("Fan" .
   [1 0 0])
  ("Antony" .
   [0 0 0 1 0 0])
  ("Grace" .
   [1 0 0 0 0])
  ("Food" .
   [1 0 0 0])
  ("RS" .
   [1 0])
  ("Ward" .
   [1 0 0 0])
  ("SetMinimum" .
   [0 0 0 0 0 0 1 0 0 0])
  ("xAxis" .
   [2 0 0 0 0])
  ("SetTicks" .
   [1 0 0 0 0 0 0 0])
  ("NU" .
   [3 0])
  ("UN" .
   [1 0])
  ("neq" .
   [1 0 0])
  ("bigg" .
   [2 0 0 0])
  ("2V" .
   [5 0])
  ("gives" .
   [3 0 0 0 0])
  ("conservation" .
   [1 0 0 0 0 0 0 0 0 0 0 0])
  ("approximation" .
   [1 0 0 0 0 0 0 0 0 0 0 0 0])
  ("N" .
   [13])
  ("T=0" .
   [1 0 0])
  ("condensate" .
   [2 0 0 0 0 0 0 0 0 0])
  ("Retrospective" .
   [1 0 0 0 0 0 0 0 0 0 0 0 0])
  ("Method" .
   [2 0 0 0 0 0])
  ("quality" .
   [1 0 0 0 0 0 0])
  ("Outcomes" .
   [1 0 0 0 0 0 0 0])
  ("outcome" .
   [1 0 0 0 0 0 0])
  ("Exposure" .
   [1 0 0 0 0 0 0 0])
  ("widthof" .
   [4 0 0 0 0 0 0])
  ("Prospective" .
   [1 0 0 0 0 0 0 0 0 0 0])
  ("calc" .
   [1 0 0 0])
  ("studies" .
   [1 0 0 0 0 0 0])
  ("included" .
   [1 0 0 0 0 0 0 0])
  ("Characteristics" .
   [0 0 0 0 0 0 1 0 0 0 0 0 0 0 0])
  ("do" .
   [1 0])
  ("boring" .
   [2 0 0 0 0 0])
  ("Forced" .
   [1 0 0 0 0 0])
  ("Leader" .
   [2 0 0 0 0 0])
  ("Specialist" .
   [5 0 0 0 0 0 0 0 0 0])
  ("bit" .
   [1 0 0])
  ("material" .
   [2 0 0 0 0 0 0 0])
  ("examinable" .
   [0 0 0 0 0 0 0 1 0 0])
  ("needed" .
   [3 0 0 0 0 0])
  ("products" .
   [1 0 0 0 0 0 0 0])
  ("normal-ordered" .
   [1 0 0 0 0 0 0 0 0 0 0 0 0 0])
  ("Wick's" .
   [1 0 0 0 0 0])
  ("positive" .
   [2 0 0 0 0 0 0 0])
  ("annihilated" .
   [1 0 0 0 0 0 0 0 0 0 0])
  ("electrons" .
   [2 0 0 0 0 0 0 0 0])
  ("parts" .
   [1 0 0 0 0])
  ("negative" .
   [2 0 0 0 0 0 0 0])
  ("-matrix" .
   [2 0 0 0 0 0 0])
  ("fermion" .
   [1 0 0 0 0 0 0])
  ("annihilation" .
   [0 0 0 1 1 0 0 0 0 0 0 0])
  ("creation" .
   [1 0 0 0 0 0 0 0])
  ("Normal" .
   [1 0 0 0 0 0])
  ("energy" .
   [11 0 0 0 0 0])
  ("split" .
   [1 0 0 0 0])
  ("sl" .
   [1 0])
  ("interaction" .
   [3 0 0 0 0 0 0 0 0 0 0])
  ("QED" .
   [3 0 0])
  ("4x" .
   [2 0])
  ("n=0" .
   [1 0 0])
  ("expansion" .
   [2 0 0 0 0 0 0 0 0])
  ("|f" .
   [3 0])
  ("evolve" .
   [1 0 0 0 0 0])
  ("sum" .
   [1 0 0])
  ("|i" .
   [6 0])
  ("series" .
   [1 0 0 0 0 0])
  ("including" .
   [1 0 0 0 0 0 0 0 0])
  ("definition" .
   [1 0 0 0 0 0 0 0 0 0])
  ("operators" .
   [5 0 0 0 0 0 0 0 0])
  ("swap" .
   [2 0 0 0])
  ("times" .
   [1 0 0 0 0])
  ("2>t" .
   [1 0 0])
  ("1>t" .
   [1 0 0])
  ("aligned" .
   [2 0 0 0 0 0 0])
  ("defined" .
   [2 0 0 0 0 0 0])
  ("Draw" .
   [15 0 0 0])
  ("link" .
   [1 0 0 0])
  ("show" .
   [1 0 0 0])
  ("extra" .
   [2 0 0 0 0])
  ("three" .
   [5 0 0 0 0])
  ("there" .
   [6 0 0 0 0])
  ("There" .
   [4 0 0 0 0])
  ("1>" .
   [1 0])
  ("2>" .
   [1 0])
  ("1pt" .
   [1 0 0])
  ("large" .
   [1 0 0 0 0])
  ("1em" .
   [2 0 0])
  ("separator" .
   [3 0 0 0 0 0 0 0 0])
  ("fancybreak" .
   [1 0 0 0 0 0 0 0 0 0])
  ("fancy" .
   [1 0 0 0 0])
  ("minus" .
   [1 0 0 0 0])
  ("plus" .
   [1 0 0 0])
  ("2em" .
   [6 0 0])
  ("emergencystretch" .
   [0 0 0 0 0 0 0 0 1 0 0 0 0 0 0 0])
  ("2pt" .
   [1 0 0])
  ("enlargethispage" .
   [0 0 0 1 0 0 0 0 0 0 0 0 0 0 0])
  ("Claire" .
   [2 0 0 0 0 0])
  ("should" .
   [3 0 0 0 0 0])
  ("Will" .
   [2 0 0 0])
  ("testimony" .
   [2 0 0 0 0 0 0 0 0])
  ("v" .
   [1])
  ("HT" .
   [2 0])
  ("No" .
   [1 0])
  ("meeting" .
   [1 0 0 0 0 0 0])
  ("her" .
   [1 0 0])
  ("Bernard" .
   [1 0 0 0 0 0 0])
  ("Chambers" .
   [1 0 0 0 0 0 0 0])
  ("Ronny" .
   [1 0 0 0 0])
  ("today" .
   [5 0 0 0 0])
  ("Jordan" .
   [2 0 0 0 0 0])
  ("Conduct" .
   [1 0 0 0 0 0 0])
  ("font" .
   [1 0 0 0])
  ("Welcome" .
   [1 0 0 0 0 0 0])
  ("Elder" .
   [3 0 0 0 0])
  ("Woolsey" .
   [1 0 0 0 0 0 0])
  ("Anthony" .
   [1 0 0 0 0 0 0])
  ("invitation" .
   [2 0 0 0 0 0 0 0 0 0])
  ("By" .
   [2 0])
  ("return" .
   [6 0 0 0 0 0])
  ("Double_t" .
   [3 0 0 1 0 0 0 0])
  ("despite" .
   [1 0 0 0 0 0 0])
  ("hfd" .
   [7 0 0])
  ("way" .
   [5 0 0])
  ("sign" .
   [1 0 0 0])
  ("r=0" .
   [1 0 0])
  ("scalar" .
   [2 0 0 0 0 0])
  ("commutation" .
   [1 0 0 0 0 0 0 0 0 0 0])
  ("photons" .
   [3 0 0 0 0 0 0])
  ("longitudinal" .
   [0 0 0 0 1 0 0 0 0 0 0 0])
  ("r=1" .
   [1 0 0])
  ("transverse" .
   [0 0 0 0 0 0 0 1 0 0])
  ("rs" .
   [1 0])
  ("relations" .
   [3 0 0 0 0 0 0 0 0])
  ("-1" .
   [3 0])
  ("polarisation" .
   [0 0 1 1 0 1 0 0 0 0 0 0])
  ("boldmath" .
   [0 0 0 0 1 0 0 0])
  ("weak" .
   [3 0 0 0])
  ("3k" .
   [1 0])
  ("GeV" .
   [4 0 0])
  ("propto@ ∝" .
   [1 0 0 1 2 0 0 0 0])
  ("what" .
   [1 0 0 0])
  ("-4em" .
   [1 0 0 0])
  ("problems" .
   [1 0 0 0 0 0 0 0])
  ("probability" .
   [1 0 0 0 0 0 0 0 0 0 0])
  ("t=0" .
   [2 0 0])
  ("system" .
   [2 0 0 0 0 0])
  ("vector" .
   [2 0 0 0 0 0])
  ("state" .
   [2 0 0 0 0])
  ("evolution" .
   [0 0 0 0 0 1 0 0 0])
  ("square# □" .
   [0 0 0 1 0 0 0 0 0])
  ("4-vectors" .
   [1 0 0 0 0 0 0 0 0])
  ("product" .
   [3 0 0 0 0 0 0])
  ("written" .
   [1 0 0 0 0 0 0])
  ("manifestly" .
   [1 0 0 0 0 0 0 0 0 0])
  ("better" .
   [1 0 0 0 0 0])
  ("construct" .
   [1 0 0 0 0 0 0 0 0])
  ("relativity" .
   [2 0 0 0 0 0 0 0 0 0])
  ("ct" .
   [1 0])
  ("covariant" .
   [2 0 0 0 0 0 0 0 0])
  ("frames" .
   [1 0 0 0 0 0])
  ("inertial" .
   [1 0 0 0 0 0 0 0])
  ("Klein-Gordon" .
   [0 0 5 0 0 0 0 0 0 0 0 0])
  ("eqcaption" .
   [2 0 0 0 0 0 0 0 0])
  ("Covariant''" .
   [0 0 0 0 0 0 1 0 0 0 0])
  ("still" .
   [2 0 0 0 0])
  ("infinite" .
   [1 0 0 0 0 0 0 0])
  ("physics" .
   [1 0 0 0 0 0 0])
  ("theory" .
   [2 0 0 0 0 0])
  ("mc" .
   [2 0])
  ("2c" .
   [12 0])
  ("Use" .
   [1 0 0])
  ("rphi" .
   [2 0 0 0])
  ("form" .
   [8 0 0 0])
  ("same" .
   [1 0 0 0])
  ("An" .
   [2 0])
  ("require" .
   [1 0 0 0 0 0 0])
  ("differently" .
   [1 0 0 0 0 0 0 0 0 0 0])
  ("space" .
   [1 0 0 0 0])
  ("non-relativistic" .
   [0 0 0 0 0 0 0 0 1 0 0 0 0 1 0 0])
  ("inconsistent" .
   [0 0 0 0 0 0 0 1 0 0 0 0])
  ("differential" .
   [1 0 0 0 0 0 0 0 0 0 0 0])
  ("symmetry" .
   [1 0 0 0 0 0 0 0])
  ("consequence" .
   [1 0 0 0 0 0 0 0 0 0 0])
  ("body" .
   [1 0 0 0])
  ("contribute" .
   [1 0 0 0 0 0 0 0 0 0])
  ("odd" .
   [1 0 0])
  ("l=" .
   [1 0])
  ("solutions" .
   [1 0 0 0 0 0 0 0 0])
  ("right|" .
   [2 0 0 0 0 0])
  ("ikz" .
   [1 0 0])
  ("symmetric" .
   [2 0 0 0 0 0 0 0 0])
  ("make" .
   [1 0 0 0])
  ("ikr" .
   [2 0 0])
  ("parity" .
   [1 0 0 0 0 0])
  ("must" .
   [3 0 0 0])
  ("1+" .
   [2 0])
  ("mathrm" .
   [3 0 0 0 0 0])
  ("exactly" .
   [1 0 0 0 0 0 0])
  ("since" .
   [1 0 0 0 0])
  ("mass" .
   [2 0 0 0])
  ("just" .
   [2 0 0 0])
  ("separates" .
   [1 0 0 0 0 0 0 0 0])
  ("teh" .
   [1 0 0])
  ("write" .
   [2 0 0 0 0])
  ("coordinate" .
   [0 0 0 1 0 0 0 0 0 0])
  ("target" .
   [1 0 0 0 0 0])
  ("fixed" .
   [1 0 0 0 0])
  ("repulsive" .
   [1 0 0 0 0 0 0 0 0])
  ("You" .
   [1 0 0])
  ("near" .
   [1 0 0 0])
  ("fields" .
   [1 0 0 0 0 0])
  ("boundstate" .
   [2 0 0 0 0 0 0 0 0 0])
  ("scattered" .
   [1 0 0 0 0 0 0 0 0])
  ("wavelength" .
   [0 0 0 0 0 0 0 1 0 0])
  ("very" .
   [3 0 0 0])
  ("eigenstates" .
   [1 0 0 0 0 0 0 0 0 0 0])
  ("E<0" .
   [1 0 0])
  ("boundstates" .
   [1 0 0 0 0 0 0 0 0 0 0])
  ("turns" .
   [1 0 0 0 0])
  ("cot" .
   [2 0 0])
  ("centre" .
   [3 0 0 0 0 0])
  ("perfectly" .
   [1 0 0 0 0 0 0 0 0])
  ("incident" .
   [1 0 0 0 1 0 0 0])
  ("waves" .
   [4 0 0 0 0])
  ("qa" .
   [7 0])
  ("crazy" .
   [1 0 0 0 0])
  ("pmatrix" .
   [4 0 0 0 0 0 0])
  ("-E" .
   [1 0])
  ("mathbb" .
   [2 0 0 0 0 0])
  ("different" .
   [9 0 0 0 0 0 0 0 0])
  ("momentum" .
   [2 0 0 0 0 0 0 0])
  ("U" .
   [5])
  ("slashed" .
   [4 0 0 0 0 0 0])
  ("assume" .
   [1 0 0 0 0 0])
  ("we'll" .
   [1 0 0 0 0])
  ("decoupling" .
   [2 0 0 1 0 0 0 0 0 0])
  ("section" .
   [5 0 0 0 0 0 0])
  ("cross" .
   [3 0 0 0 0])
  ("eq" .
   [3 0])
  ("with" .
   [17 0 0 0])
  ("particle" .
   [5 0 0 0 0 0 0 0])
  ("Let's" .
   [3 0 0 0 0])
  ("matter" .
   [1 0 0 0 0 0])
  ("dark" .
   [1 0 0 0])
  ("cannot" .
   [2 0 0 0 0 0])
  ("anymore" .
   [1 0 0 0 0 0 0])
  ("was" .
   [8 0 0])
  ("It" .
   [1 0])
  ("R" .
   [1])
  ("GM" .
   [0 1])
  ("10pt" .
   [1 0 0 0])
  ("V" .
   [9])
  ("so" .
   [6 0])
  ("CDM" .
   [1 0 0])
  ("use" .
   [1 0 0])
  ("We" .
   [10 0])
  ("func3" .
   [3 0 0 0 0])
  ("Fit" .
   [6 0 0])
  ("5E13" .
   [1 0 0 0])
  ("1E10" .
   [3 0 0 0])
  ("1E16" .
   [4 0 0 0])
  ("1E12" .
   [3 0 0 0])
  ("-10" .
   [1 0 0])
  ("charstrmodcount" .
   [2 0 0 0 0 0 0 0 0 0 0 0 0 0 0])
  ("LoadClass" .
   [1 0 0 0 0 0 0 0 0])
  ("185" .
   [1 0 0])
  ("/" .
   [5])
  ("5ex" .
   [2 0 0])
  ("hspace" .
   [1 0 0 0 0 0])
  ("1ex" .
   [2 0 0])
  ("F" .
   [6])
  ("ft" .
   [1 0])
  ("E" .
   [10])
  ("end" .
   [15 0 0])
  ("b" .
   [14])
  ("d" .
   [8])
  ("tabular" .
   [4 0 0 0 1 0 0])
  ("43" .
   [1 0])
  ("44" .
   [1 0])
  ("211" .
   [1 0 0])
  ("70" .
   [2 0])
  ("charlanguagesspoken" .
   [0 0 0 0 0 0 0 1 0 0 0 0 0 0 0 0 0 0 0])
  ("39" .
   [1 0])
  ("215" .
   [2 0 0])
  ("214" .
   [1 0 0])
  ("z" .
   [2])
  ("529" .
   [1 0 0])
  ("level" .
   [1 0 0 0 0])
  ("character" .
   [1 0 0 0 0 0 0 0 0])
  ("height" .
   [1 0 0 0 0 0])
  ("size" .
   [1 0 0 0])
  ("52" .
   [1 0])
  ("name" .
   [2 0 0 0])
  ("tt" .
   [1 0])
  (">" .
   [2])
  ("array" .
   [1 0 0 0 0])
  ("charplayer" .
   [1 0 0 0 0 0 0 0 0 0])
  ("charalignment" .
   [0 0 0 0 0 0 1 0 0 0 0 0 0])
  ("charname" .
   [1 0 0 0 0 0 0 0])
  ("69" .
   [1 0])
  ("cmidrule" .
   [3 0 0 0 2 1 0 0])
  ("1-1" .
   [1 0 0])
  ("l" .
   [9])
  ("charhomeland" .
   [1 0 0 0 0 0 0 0 0 0 0 0])
  ("chardiety" .
   [1 0 0 0 0 0 0 0 0])
  ("multicolumn" .
   [0 0 0 0 0 0 2 1 1 0 0])
  ("47" .
   [1 0])
  ("newcolumntype" .
   [1 0 0 0 0 0 0 0 0 0 0 0 0])
  ("25" .
   [1 0])
  ("calculatetablewidth" .
   [1 0 0 0 0 0 0 0 0 0 0 0 0 0 0 0 0 0 0])
  ("def" .
   [2 0 0])
  ("multiply" .
   [2 0 0 0 0 0 0 0])
  ("B" .
   [12])
  ("charlevel" .
   [1 0 0 0 0 0 0 0 0])
  ("h" .
   [6])
  ("92" .
   [2 0])
  ("chareyes" .
   [1 0 0 0 0 0 0 0])
  ("charweight" .
   [1 0 0 0 0 0 0 0 0 0])
  ("charheight" .
   [1 0 0 0 0 0 0 0 0 0])
  ("charage" .
   [1 0 0 0 0 0 0])
  ("chargender" .
   [1 0 0 0 0 0 0 0 0 0])
  ("charsize" .
   [1 0 0 0 0 0 0 0])
  ("charrace" .
   [1 0 0 0 0 0 0 0])
  ("rl" .
   [4 0])
  ("longtable" .
   [2 0 0 0 0 0 0 0 0])
  ("verb" .
   [1 0 0 0])
  ("box" .
   [1 0 0])
  ("boxes" .
   [2 0 0 0 0])
  ("stretchattributes" .
   [0 0 0 0 0 0 0 0 0 2 0 0 0 0 0 0 0])
  ("skilltitle" .
   [0 0 0 0 0 1 0 0 0 0])
  ("'" .
   [1])
  ("Misc" .
   [1 0 0 0])
  ("Ranks" .
   [1 0 0 0 0])
  ("Mod" .
   [3 0 0])
  ("Total" .
   [2 0 0 0 0])
  ("mod" .
   [1 0 0])
  ("lfont" .
   [18 0 0 0 0])
  ("120" .
   [1 0 0])
  ("Device" .
   [1 0 0 0 0 0])
  ("strengthmodcount" .
   [0 0 0 0 0 0 0 0 0 0 0 1 0 0 0 0])
  ("strength" .
   [1 0 0 0 0 0 0 0])
  ("Str" .
   [1 0 0])
  ("140" .
   [1 0 0])
  ("dexteritymodcount" .
   [0 0 0 0 0 0 0 0 0 0 0 0 3 0 0 0 0])
  ("dexterity" .
   [0 0 0 2 1 0 0 0 0])
  ("Dex" .
   [3 0 0])
  ("190" .
   [1 0 0])
  ("charismamodcount" .
   [0 0 0 0 0 0 0 0 0 0 0 2 0 0 0 0])
  ("Cha" .
   [2 0 0])
  ("optional" .
   [2 0 0 0 0 0 0 0])
  ("wisdommodcount" .
   [0 0 0 0 0 0 0 0 3 2 0 0 0 0])
  ("Wis" .
   [4 1 0])
  ("skill" .
   [10 0 0 0 0])
  ("27" .
   [1 0])
  ("30" .
   [2 0])
  ("31" .
   [1 0])
  ("Knowledge" .
   [0 0 0 1 0 0 0 0 0])
  ("intelligencemodcount" .
   [0 0 0 0 0 0 0 0 0 0 0 0 0 0 3 2 0 0 0 0])
  ("Int" .
   [5 0 0])
  ("350" .
   [1 0 0])
  ("210" .
   [21 0 0])
  ("trainskill" .
   [5 0 0 0 0 0 1 0 0 0])
  ("thing" .
   [2 0 0 0 0])
  ("think" .
   [1 0 0 0 0])
  ("about" .
   [8 0 0 0 0])
  ("talk" .
   [2 0 0 0])
  ("always" .
   [2 0 0 0 0 0])
  ("epoch" .
   [0 0 0 1 0])
  ("from" .
   [9 0 0 0])
  ("magnetic" .
   [5 0 0 0 0 0 0 0])
  ("add" .
   [2 0 0])
  ("Hamiltonian" .
   [3 0 1 1 1 0 0 0 0 0 0])
  ("qquad" .
   [14 0 0 0 0])
  ("A" .
   [29])
  ("mechanics" .
   [3 0 0 0 0 0 0 0 0])
  ("you" .
   [5 0 0])
  ("follow" .
   [3 0 0 0 1 0])
  ("To" .
   [2 0])
  ("TODO" .
   [21 0 0 0])
  ("Look" .
   [0 0 1 0])
  ("Quantum" .
   [0 0 0 1 0 0 0])
  ("In" .
   [9 0])
  ("velocity" .
   [2 0 0 0 0 0 0 0])
  ("dependence" .
   [0 0 0 0 1 0 0 0 0 0])
  ("force" .
   [3 0 0 0 0])
  ("Lorentz" .
   [1 0 0 3 1 1 0])
  ("forces" .
   [1 0 0 0 0 0])
  ("an" .
   [5 0])
  ("o" .
   [5])
  ("2m" .
   [19 0])
  ("motion" .
   [2 0 0 0 0 0])
  ("equations" .
   [5 0 0 0 0 0 0 0 0])
  ("-i" .
   [6 0])
  ("H" .
   [12])
  ("So" .
   [9 0])
  ("p" .
   [33])
  ("tmptwocount" .
   [1 0 0 0 0 0 0 0 0 0 0])
  ("pluscount=0" .
   [1 0 0 0 0 0 0 0 0 0 0])
  ("number" .
   [12 0 0 0 0 0])
  ("blah" .
   [3 0 0 0])
  ("plusattributes" .
   [0 0 0 0 0 0 0 3 0 0 0 0 0 0])
  ("+" .
   [22])
  ("pluscount" .
   [7 0 0 0 0 0 0 0 0])
  ("98" .
   [1 0])
  ("100" .
   [7 0 0])
  ("105" .
   [3 0 0])
  ("177" .
   [1 0 0])
  ("38" .
   [2 0])
  ("147" .
   [1 0 0])
  ("xcount18" .
   [1 0 0 0 0 0 0 0])
  ("110" .
   [3 0 0])
  ("505" .
   [1 0 0])
  ("107" .
   [11 0 0])
  ("xcount20" .
   [1 0 0 0 0 0 0 0])
  ("33" .
   [7 0])
  ("24" .
   [1 0])
  ("tmp" .
   [6 0 0])
  ("tmpcount" .
   [11 0 0 0 0 0 0 0])
  ("xcount" .
   [8 0 0 0 0 0])
  ("advance" .
   [13 0 0 0 0 0 0])
  ("Modifier" .
   [0 0 0 1 0 0 0 0])
  ("Adjustment" .
   [0 0 0 0 1 0 0 0 0 0])
  ("Temp" .
   [2 0 0 0])
  ("centering" .
   [9 1 0 0 0 0 0 0 0])
  ("score" .
   [1 0 0 0 0])
  ("ability" .
   [3 0 0 0 0 0 0])
  ("512" .
   [1 0 0])
  ("16" .
   [4 0])
  ("modifier" .
   [6 0 0 0 0 0 0 0])
  ("INITIATIVE" .
   [0 0 0 0 1 0 0 0 0 0])
  ("46" .
   [6 0])
  ("unitlength" .
   [0 0 1 2 7 1 1 1 0 0])
  ("160" .
   [3 0 0])
  ("charisma" .
   [1 0 0 0 0 0 1 0])
  ("CHA" .
   [1 0 0])
  ("440" .
   [4 0 0])
  ("wisdom" .
   [1 0 0 1 2 2])
  ("WIS" .
   [1 0 0])
  ("452" .
   [2 0 0])
  ("+2" .
   [1 0])
  ("15" .
   [12 0])
  ("intelligence" .
   [1 0 0 0 0 0 5 0 0 0 0 0])
  ("464" .
   [2 0 0])
  ("hcount" .
   [1 0 0 0 0 0])
  ("ycount" .
   [1 0 0 0 0 0])
  ("14" .
   [6 1])
  ("constitution" .
   [1 0 0 0 0 0 0 0 0 0 0 0])
  ("CON" .
   [1 0 0])
  ("476" .
   [2 0 0])
  ("titlebox" .
   [2 0 0 0 0 0 0 0])
  ("420" .
   [7 0 0])
  ("1cm" .
   [3 0 0])
  ("normalsize" .
   [1 0 0 0 0 0 0 0 0 0])
  ("26" .
   [6 0])
  ("makebox" .
   [2 0 0 0 0 0 0])
  ("106" .
   [1 0 0])
  ("108" .
   [1 0 0])
  ("12" .
   [6 0])
  ("196" .
   [1 0 0])
  ("22" .
   [4 0])
  ("220" .
   [2 0 0])
  ("50" .
   [7 0])
  ("42" .
   [9 0])
  ("40" .
   [6 0])
  ("AC" .
   [2 1])
  ("116" .
   [2 0 0])
  ("11" .
   [3 0])
  ("36" .
   [2 0])
  ("tiny" .
   [7 0 0 0])
  ("20" .
   [24 0])
  ("480" .
   [4 0 0])
  ("34" .
   [2 0])
  ("28" .
   [8 0])
  ("23" .
   [3 0])
  ("130" .
   [9 0 0])
  ("nlines" .
   [1 0 0 0 0 0])
  ("fitf" .
   [3 0 0 0])
  ("gPad" .
   [3 0 0 0])
  ("twocolumn" .
   [1 0 0 0 1 0 0 0 0])
  ("Huge" .
   [1 0 0 0])
  ("maketitle" .
   [5 0 0 0 0 0 0 0 0])
  ("title" .
   [2 0 0 0 0])
  ("figure*" .
   [1 0 0 0 0 0 0])
  ("report" .
   [1 0 0 0 0 0])
  ("cout" .
   [2 0 0 0])
  ("if" .
   [6 0])
  ("we" .
   [6 0])
  ("know" .
   [2 0 0 0])
  ("but" .
   [10 0 0])
  ("X" .
   [9])
  ("m" .
   [12])
  ("n" .
   [26])
  ("sec" .
   [2 0 0])
  ("MeV" .
   [1 0 0])
  ("10" .
   [53 0])
  ("9" .
   [11])
  ("g" .
   [12])
  ("eff" .
   [3 0 0])
  ("gravitons" .
   [2 0 0 0 0 0 0 0 0])
  ("pl" .
   [4 0])
  ("T" .
   [16])
  ("''" .
   [1 0])
  ("ignore" .
   [1 0 0 0 0 0])
  ("please" .
   [1 0 0 0 0 0])
  ("syntax" .
   [1 0 0 0 0 0])
  ("appease" .
   [1 0 0 0 0 0 0])
  ("marks" .
   [1 0 0 0 0])
  ("These" .
   [2 0 0 0 0])
  ("pageref" .
   [0 0 0 0 0 1 0])
  ("thepage" .
   [1 0 0 0 0 0 0])
  ("Page" .
   [1 0 0 0])
  ("currenttime" .
   [1 0 0 0 0 0 0 0 0 0 0])
  ("Compiled" .
   [1 0 0 0 0 0 0 0])
  ("c" .
   [32])
  ("runningfooter" .
   [1 0 0 0 0 0 0 0 0 0 0 0 0])
  ("firstpagefooter" .
   [1 0 0 0 0 0 0 0 0 0 0 0 0 0 0])
  ("Problems" .
   [1 0 0 0 0 0 0 0])
  ("Farley" .
   [2 0 0 0 0 0])
  ("Nathanael" .
   [3 0 0 0 0 0 0 0 0])
  ("Extracted" .
   [1 0 0 0 0 0 0 0 0])
  ("by" .
   [14 0])
  ("running" .
   [1 0 0 0 0 0 0])
  ("firstpageheader" .
   [1 0 0 0 0 0 0 0 0 0 0 0 0 0 0])
  ("headandfoot" .
   [1 0 0 0 0 0 0 0 0 0 0])
  ("29" .
   [2 0])
  ("Problem" .
   [2 0 0 0 0 0 0])
  ("coordinates" .
   [2 0 0 0 0 0 0 0 0 0 0])
  ("polar" .
   [1 0 0 0 0])
  ("using" .
   [4 0 0 0 0])
  ("r" .
   [15])
  ("ht" .
   [1 0])
  ("width" .
   [1 0 0 0 0])
  ("png" .
   [3 0 0])
  ("height=0" .
   [1 0 0 0 0 0 0 0])
  ("5" .
   [29])
  ("includegraphics" .
   [5 0 0 0 0 0 0 0 0 0 1 0 1 1 0])
  ("include" .
   [17 0 0 1 0 1 0])
  ("figure" .
   [11 0 0 0 0 0])
  ("of" .
   [28 0])
  ("page" .
   [4 0 0 0])
  ("example" .
   [4 0 0 0 0 0 0])
  ("though" .
   [1 0 0 0 0 0])
  ("1" .
   [136])
  ("0'" .
   [1 0])
  ("*" .
   [10])
  ("I" .
   [24])
  ("thequestion" .
   [1 0 0 0 0 0 0 0 0 0 0])
  ("bonusquestionlabel" .
   [1 0 0 0 0 0 0 0 0 0 0 0 0 0 0 0 0 0])
  ("bonus" .
   [4 0 0 0 0])
  ("makeatletter" .
   [2 0 0 0 0 0 0 0 0 0 0 0])
  ("myyear" .
   [2 0 0 0 0 0])
  ("myday" .
   [2 0 0 0 0])
  ("17" .
   [3 0])
  ("protect" .
   [3 0 0 0 0 0 0])
  ("is" .
   [36 0])
  ("test" .
   [1 0 0 0])
  ("lfd" .
   [3 0 0])
  ("implies" .
   [16 0 0 0 0 0 0])
  ("x" .
   [49])
  ("t" .
   [71])
  ("dt" .
   [17 0])
  ("2" .
   [159])
  ("operator" .
   [7 0 0 0 0 0 1 0])
  ("the" .
   [89 0 0])
  ("Heisenberg" .
   [0 0 0 0 0 0 1 0 0 0])
  ("field" .
   [4 0 0 0 0])
  ("3" .
   [69])
  ("4" .
   [59])
  ("e" .
   [22])
  ("i" .
   [35])
  ("=" .
   [59])
  ("Since" .
   [1 0 0 0 0])
  ("KG" .
   [1 0])
  ("equation" .
   [23 0 0 0 0 0 0 0])
  ("s" .
   [16])
  ("and" .
   [42 0 0])
  ("0" .
   [256])
  ("that" .
   [23 0 0 0])
  ("propto# ∝" .
   [0 0 0 1 2 1 0 0 0])
  ("where" .
   [8 0 0 0 0])
  ("used" .
   [6 0 0 0])
  ("This" .
   [13 0 0 0])
  ("align" .
   [9 0 0 0 0])
  ("time" .
   [11 0 0 0])
  ("stuff" .
   [14 0 0 0 0])
  ("Re@ ℜ" .
   [0 0 2 0 0])
  ("RequirePackage" .
   [2 0 0 0 1 1 0 1 0 0 0 0 0 0])
  ("raggedleft" .
   [4 0 0 0 0 0 1 0 0 0])
  ("relax" .
   [5 0 0 0 0])
  ("itshape" .
   [5 0 0 0 0 0 0])
  ("renewcommand" .
   [8 0 0 0 0 0 0 0 0 0 0 0])
  ("baselineskip" .
   [0 0 0 0 1 0 0 0 2 0 1 0])
  ("sffamily" .
   [1 0 0 0 0 0 0 0])
  ("minipage" .
   [3 0 0 0 0 0 0 0])
  ("Blah" .
   [3 0 0 0])
  ("blindtext" .
   [3 0 0 0 0 1 0 0 0])
  ("parskip" .
   [1 0 0 0 0 0 0])
  ("Blinddocument" .
   [1 0 0 0 0 0 0 0 0 0 0 0 0])
  ("PID10" .
   [1 0 0 0 0])
  ("Y" .
   [1])
  ("PID30" .
   [1 0 0 0 0])
  ("PID28" .
   [1 0 0 0 0])
  ("makeatother" .
   [0 0 0 0 0 0 1 0 0 0 0])
  ("7" .
   [5])
  ("6" .
   [14])
  ("subsubparagraph" .
   [1 0 0 0 0 0 0 0 0 0 0 0 0 0 0])
  ("something" .
   [3 0 0 0 0 0 0 0 0])
  ("else" .
   [1 0 0 0])
  ("raggedright" .
   [1 0 0 0 0 0 0 0 0 0 0])
  ("a" .
   [104])
  ("usepackage" .
   [0 0 0 0 0 0 0 2 0 0])
  ("english" .
   [2 0 0 0 0 0 0])
  ("babel" .
   [1 0 0 0 0])
  ("datetime" .
   [2 0 0 0 0 0 0 0])
  ("hline" .
   [3 0 0 0 0])
  ("k" .
   [106])
  ("be" .
   [9 0])
  ("left" .
   [4 0 0 0])
  ("might" .
   [4 0 0 0 0])
  ("out" .
   [3 0 0])
  ("dagger" .
   [1 0 0 0 0 0])
  ("all" .
   [11 0 0])
  ("0pt" .
   [1 0 0])
  ("does" .
   [1 0 0 0])
  ("some" .
   [6 0 0 0])
  ("board" .
   [1 0 0 0 0])
  ("notes" .
   [1 0 0 0 0])
  ("conclusion" .
   [6 0 0 0 0 0 0 0 0 0])
  ("need" .
   [10 0 0 0])
  ("for" .
   [17 0 0])
  ("examples" .
   [1 0 0 0 0 0 0 0])
  ("class" .
   [5 0 0 0 0])
  ("next" .
   [3 0 0 0])
  ("on" .
   [6 0])
  ("last" .
   [2 0 0 0])
  ("it's" .
   [9 0 0 0])
  ("c@" .
   [1 0])
  ("19" .
   [3 0])
  ("18" .
   [10 0])
  ("152" .
   [1 0 0])
  ("attributes" .
   [2 0 0 0 0 0 0 0 0 0])
  ("170" .
   [1 0 0])
  ("attribute" .
   [0 0 0 0 1 0 0 0 0])
  ("65" .
   [3 0])
  ("60" .
   [5 0])
  ("attributelabels" .
   [0 0 0 0 0 0 0 0 0 0 1 0 0 0 0])
  ("61" .
   [2 0])
  ("scshape" .
   [4 0 0 0 0 0 0])
  ("armor" .
   [1 0 0 0 0])
  ("armour" .
   [1 0 0 0 0 0])
  ("21" .
   [2 0])
  ("newcommand" .
   [4 0 0 0 0 0 0 0 0 0])
  ("selectfont" .
   [1 0 0 0 0 0 0 0 0 0])
  ("diodes" .
   [12 0 0 1 0 0])
  ("data" .
   [4 0 0 0])
  ("found" .
   [4 0 0 0 0])
  ("par" .
   [6 0 0])
  ("fitfplusconstant" .
   [1 0 0 0 0 0 0 2 1 0 0 0 0 1 0 0])
  ("func" .
   [10 0 0 0])
  ("funca" .
   [5 0 0 0 0])
  ("func2a" .
   [4 0 0 0 0 0])
  ("func2" .
   [5 0 0 0 0])
  ("set-face-attribute" .
   [1 0 0 0 0 0 0 0 0 0 0 0 0 0 0 0 0 0])
  ("default" .
   [1 0 0 0 0 0 0])
  ("nil" .
   [1 0 0])
  (":height" .
   [1 0 0 0 0 0 0])
  ("|" .
   [5])
  ("newline" .
   [1 0 0 0 0 0 0])
  ("dx" .
   [2 0])
  ("500" .
   [1 0 0])
  ("Just" .
   [0 1 0 0])
  ("footnotesize" .
   [3 0 0 0 0 0 0 0 0 0 0 0])
  ("cancel" .
   [2 0 0 0 0 0])
  ("small" .
   [6 0 0 0 0])
  ("55" .
   [5 0])
  ("texttt" .
   [1 0 0 0 0 0])
  ("3-3" .
   [1 0 0])
  ("8" .
   [3])
  ("13" .
   [3 0])
  ("First" .
   [1 0 0 0 0])
  ("first" .
   [4 0 0 0 0])
  ("dependant" .
   [1 0 0 0 0 0 0 0 0])
  ("variable" .
   [10 0 0 0 0 2 0 0])
  ("independent" .
   [1 0 0 0 0 0 0 0 0 0 0])
  ("constant" .
   [5 0 0 0 0 0 0 0])
  ("Now" .
   [4 0 0])
  ("sometimes" .
   [1 0 0 0 0 0 0 0 0])
  ("opposed" .
   [1 0 0 0 0 0 0])
  ("it" .
   [12 0])
  ("much" .
   [3 0 0 0])
  ("functions" .
   [2 0 0 0 0 0 0 0 0])
  ("relying" .
   [1 0 0 0 0 0 0])
  ("things" .
   [4 0 0 0 0 0])
  ("rather" .
   [2 0 0 0 0 0])
  ("than" .
   [5 0 0 0])
  ("variables" .
   [3 0 0 0 0 0 0 0 0])
  ("mx" .
   [2 0])
  ("function" .
   [11 0 0 0 0 0 0 0])
  ("Here" .
   [5 0 0 0])
  ("operation" .
   [1 0 0 0 0 0 0 0 0])
  ("not" .
   [5 0 0])
  ("full" .
   [1 0 0 0])
  ("or" .
   [5 0])
  ("one" .
   [5 0 0])
  ("could" .
   [8 0 0 0 0])
  ("useful" .
   [2 0 0 0 0 0])
  ("because" .
   [6 0 0 0 0 0 0])
  ("stack" .
   [1 0 0 0 0])
  ("to" .
   [10 0])
  ("generally" .
   [1 0 0 0 0 0 0 0 0])
  ("then" .
   [12 0 0 0])
  ("f" .
   [4])
  ("If" .
   [3 0])
  ("were" .
   [4 0 0 0])
  ("being" .
   [5 0 0 0 0])
  ("would" .
   [15 0 0 0 0])
  ("say" .
   [1 0 0])
  ("mx+c" .
   [1 0 0 0])
  ("can" .
   [12 0 0])
  ("interpreted" .
   [1 0 0 0 0 0 0 0 0 0 0])
  ("as" .
   [6 0])
  ("given" .
   [2 0 0 0 0])
  ("when" .
   [7 0 0 0])
  ("read" .
   [4 0 0 0])
  ("have" .
   [2 0 0 0])
  ("Sometimes" .
   [2 0 0 0 0 0 0 0 0])
  ("mathematicians" .
   [0 0 0 0 0 0 1 0 0 0 0 0 0 0])
  ("instead" .
   [1 0 0 0 0 0 0])
  ("after" .
   [3 0 0 0 0])
  ("common" .
   [1 0 0 0 0 0])
  ("y" .
   [2])
  ("also" .
   [9 0 0 0])
  ("itself" .
   [1 0 0 0 0 0])
  ("case" .
   [4 0 0 0])
  ("Another" .
   [1 0 0 0 0 0 0])
  ("called" .
   [7 0 0 0 0 0])
  ("often" .
   [2 0 0 0 0])
  ("people" .
   [1 0 0 0 0 0])
  ("speak" .
   [1 0 0 0 0])
  ("difference" .
   [4 0 0 0 0 0 0 0 0 0])
  ("between" .
   [4 0 0 0 0 0 0])
  ("general" .
   [2 0 0 0 0 0 0])
  ("compared" .
   [1 0 0 0 0 0 0 0])
  ("order" .
   [10 0 1 0 0])
  ("them" .
   [1 0 0 0])
  ("along" .
   [1 0 0 0 0])
  ("Let" .
   [1 0 0])
  ("transform" .
   [1 0 0 0 0 0 0 1 0])
  ("this" .
   [17 0 0 0])
  ("see" .
   [10 0 0])
  ("We'll" .
   [1 0 0 0 0])
  ("back" .
   [1 0 0 0])
  ("other" .
   [6 0 0 0 0])
  ("Exponentials" .
   [0 0 0 0 0 0 1 0 0 0 0 0])
  ("which" .
   [15 0 0 0 0])
  ("magical" .
   [1 0 0 0 0 0 0])
  ("For" .
   [2 0 0])
  ("nothing" .
   [1 0 0 0 0 0 0])
  ("special" .
   [4 0 0 0 0 0 0])
  ("explained" .
   [1 0 0 0 0 0 0 0 0])
  ("-" .
   [1])
  ("etc" .
   [5 0 0])
  ("xspace" .
   [1 0 0 0 0 0])
  ("mdframed" .
   [4 0 0 0 0 0 0 0])
  ("aside" .
   [2 0 0 0 0])
  ("newenvironment" .
   [0 0 0 0 0 0 0 0 1 0 0 0 0 0])
  ("dotfill" .
   [7 0 0 0 0 0 0])
  ("Aside" .
   [1 0 0 0 0])
  ("noindent" .
   [2 0 0 0 1 1 0 0])
  ("quantum" .
   [4 0 0 0 0 0 0])
  ("experiment" .
   [5 0 0 0 2 0 1 0 0 0])
  ("particles" .
   [8 0 0 0 0 0 0 0 0])
  ("follows" .
   [2 0 0 0 0 0 0])
  ("Sch" .
   [5 0 0])
  ("conjugate" .
   [1 0 0 0 0 0 0 0 0])
  ("II" .
   [2 0])
  ("Do" .
   [1 0])
  ("Then" .
   [1 0 0 0])
  ("2mi" .
   [4 0 0])
  ("1D" .
   [4 0])
  ("beam" .
   [8 0 0 0])
  ("ikx" .
   [3 0 0])
  ("Ae" .
   [2 0])
  ("-ikx" .
   [1 0 0 0])
  ("|A|" .
   [1 0 0])
  ("two" .
   [5 0 0])
  ("picture" .
   [4 0 0 0 0 0 0])
  ("Example" .
   [1 0 0 0 0 0 0])
  ("potential" .
   [6 0 0 0 0 0 0 1 0])
  ("Lessons" .
   [1 0 0 0 0 0 0])
  ("covered" .
   [2 0 0 0 0 0 0])
  ("C" .
   [13])
  ("get" .
   [7 0 0])
  ("reflection" .
   [2 0 0 0 0 0 0 0 0 0])
  ("even" .
   [4 0 0 0])
  ("E>V" .
   [2 0 0])
  ("real" .
   [2 0 0 0])
  ("transmission" .
   [3 0 0 0 0 0 0 0 0 0 0 0])
  ("E<V" .
   [1 0 0])
  ("2i" .
   [1 0])
  ("integer" .
   [1 0 0 0 0 0 0])
  ("barrier" .
   [1 0 0 0 0 0 0])
  ("right" .
   [6 0 0 0 0])
  ("effect" .
   [2 0 0 0 0 0])
  ("atomic" .
   [2 0 0 0 0 0])
  ("complex" .
   [1 0 0 0 0 0 0])
  ("amplitude" .
   [1 0 0 0 0 0 0 0 0])
  ("phase" .
   [3 0 0 0 0])
  ("consider" .
   [1 0 0 0 0 0 0 0])
  ("max" .
   [2 0 0])
  ("problem" .
   [8 0 0 0 0 0 0])
  ("considered" .
   [2 0 0 0 0 0 0 0 0 0])
  ("E-V" .
   [1 0 0])
  ("means" .
   [5 0 0 0 0])
  ("in" .
   [13 0])
  ("WKB" .
   [1 0 0])
  ("no" .
   [2 0])
  ("these" .
   [4 0 0 0 0])
  ("points" .
   [1 0 0 0 0 0])
  ("lasttime" .
   [4 0 0 0 0 0 0 0])
  ("scattering" .
   [10 0 0 0 0 0 0 0 0 0])
  ("The" .
   [26 0 0])
  ("shift" .
   [2 0 0 0 0])
  ("states" .
   [4 0 0 0 0 0])
  ("Consider" .
   [1 0 0 0 1 0 0 0])
  ("tableofequations" .
   [1 0 0 0 0 0 0 0 0 0 0 0 0 0 0 0])
  ("package" .
   [4 0 0 0 0 0 0])
  ("documentation" .
   [2 0 0 0 0 0 0 0 0 0 0 0 0])
  ("are" .
   [5 0 0])
  ("text" .
   [2 0 0 0])
  ("mark" .
   [1 0 0 0])
  ("will" .
   [21 0 0 0])
  ("table" .
   [6 0 0 0 0])
  ("markequation" .
   [1 0 0 0 0 0 0 0 0 0 0 0])
  ("Equation" .
   [2 0 0 0 0 0 0 0])
  ("command" .
   [4 0 0 0 0 0 0])
  ("created" .
   [4 0 0 0 0 0 0])
  ("printtableofequations" .
   [0 0 0 0 0 0 0 0 0 0 0 0 1 0 0 0 0 0 0 0 0])
  ("LaTeX" .
   [1 0 0 0 0])
  ("file" .
   [2 0 0 0])
  ("appear" .
   [2 0 0 0 0 0])
  ("like" .
   [5 0 0 0])
  ("anything" .
   [1 0 0 0 0 0 0 0])
  ("toeheading" .
   [2 0 0 0 0 0 0 0 0 0])
  ("here" .
   [3 0 0 0])
  ("your" .
   [1 0 0 0])
  ("second" .
   [2 0 0 0 0 0])
  ("at" .
   [5 0])
  ("label" .
   [2 0 0 0 0])
  ("ensuremath" .
   [2 0 0 0 0 0 0 0 0 0])
  ("equationlabel" .
   [1 0 0 0 0 0 0 0 0 0 0 0 0])
  ("noexpand" .
   [2 0 0 0 0 0 0 0])
  ("verbatim" .
   [2 0 0 0 0 0 0 0])
  ("verb=" .
   [4 0 0 0 0])
  ("Equations" .
   [1 0 0 0 0 0 0 0 0])
  ("define" .
   [1 0 0 0 0 0])
  ("redefine" .
   [1 0 0 0 0 0 0 0])
  ("nopagebreak" .
   [0 0 0 0 0 1 0 0 0 0 0])
  ("clearpage" .
   [4 0 0 0 0 0 0 0 0])
  ("new" .
   [3 0 0])
  ("vfill" .
   [5 0 0 0 0])
  ("appendix" .
   [1 0 0 0 0 0 0 0])
  ("continuity" .
   [1 0 0 0 0 0 0 0 0 0])
  ("D" .
   [3])
  ("j" .
   [2])
  ("ka" .
   [10 0])
  ("left/" .
   [1 0 0 0 0])
  ("95" .
   [1 0])
  ("linewidth" .
   [4 0 0 0 0 0 0 0 0])
  ("null" .
   [1 0 0 0])
  ("tabularnewline" .
   [1 0 0 0 0 0 0 0 0 0 0 0 0 0])
  ("None" .
   [1 0 0 0])
  ("470" .
   [2 0 0])
  ("singletitlebox" .
   [0 0 0 0 0 0 1 0 0 0 0 0 0 0])
  ("180" .
   [3 0 0])
  ("125" .
   [1 0 0])
  ("200" .
   [2 0 0])
  ("charfeats" .
   [0 0 0 0 0 1 0 0 0])
  ("oldprintacitems" .
   [0 0 0 0 0 0 0 0 0 0 1 0 0 0 0])
  ("q" .
   [13])
  ("boldsymbol# " .
   [0 0 0 0 2 2 2 0 0 0 0 0])
  ("boxed" .
   [1 0 0 0 0])
  ("S" .
   [6])
  ("Schr" .
   [1 0 0 0])
  ("odinger" .
   [1 0 0 0 0 0 0])
  ("spin" .
   [3 0 0 0])
  ("moment" .
   [2 0 0 0 0 0])
  ("lecture" .
   [3 0 0 0 0 0 0])
  ("proved" .
   [1 0 0 0 0 0])
  ("-q" .
   [2 0])
  ("leads" .
   [1 0 0 0 0])
  ("L" .
   [3])
  ("total" .
   [1 0 0 0 0])
  ("fi" .
   [1 0])
  ("corrections" .
   [1 0 0 0 0 0 0 0 0 0 0])
  ("electromagnetic" .
   [0 0 0 0 0 0 0 0 0 1 0 0 0 0 0])
  ("Dirac" .
   [5 0 0 0 0])
  ("limit" .
   [1 0 0 0 0])
  ("component" .
   [1 0 0 0 0 0 0 0 0])
  ("wavefunction" .
   [1 0 0 0 0 0 0 0 0 0 0 0])
  ("boldsymbol" .
   [2 0 0 0 0 0 1 0 0 0])
  ("acts" .
   [2 0 0 0])
  ("terms" .
   [3 0 0 0 0])
  ("gyromagnetic" .
   [0 0 1 0 0 0 0 0 0 0 0 0])
  ("ratio" .
   [1 0 0 0 0])
  ("qA" .
   [1 0])
  ("8m" .
   [2 0])
  ("3c" .
   [1 0])
  ("mathscr" .
   [1 0 0 0 0 0 0])
  ("term" .
   [4 0 0 0])
  ("p-qA" .
   [1 0 0 0])
  ("-mc" .
   [1 0 0])
  ("Zeeman" .
   [1 0 0 0 0 0])
  ("coupling" .
   [1 0 0 0 0 0 0 0])
  ("Dirac's" .
   [1 0 0 0 0 0 0])
  ("approach" .
   [1 0 0 0 0 0 0 0])
  ("Why" .
   [1 0 0])
  ("fermions" .
   [1 0 0 0 0 0 0 0])
  ("filled" .
   [1 0 0 0 0 0])
  ("sea" .
   [1 0 0])
  ("lots" .
   [1 0 0 0])
  ("solution" .
   [1 0 0 0 0 0 0 0])
  ("dirac" .
   [1 0 0 0 0])
  ("K" .
   [2])
  ("P" .
   [2])
  ("What" .
   [2 0 0 0])
  ("church" .
   [4 0 0 0 0 0])
  ("she" .
   [1 0 0])
  ("YSA" .
   [1 0 0])
  ("Leah" .
   [1 0 0 0])
  ("Sarah" .
   [1 0 0 0 0])
  ("contact" .
   [2 0 0 0 0 1 0])
  ("Li" .
   [2 0])
  ("Action" .
   [4 0 0 0 0 0])
  ("Peter" .
   [1 0 0 0 0])
  ("Davis" .
   [1 0 0 0 0])
  ("calling" .
   [2 0 0 0 0 0 0])
  ("he" .
   [1 0])
  ("needs" .
   [2 0 0 0 0])
  ("People" .
   [1 0 0 0 0 0])
  ("Jared" .
   [1 0 0 0 0])
  ("callings" .
   [1 0 0 0 0 0 0 0])
  ("Purveens" .
   [1 0 0 0 0 0 0 0])
  ("OK" .
   [1 0])
  ("She's" .
   [1 0 0 0 0])
  ("been" .
   [4 0 0 0])
  ("into" .
   [4 0 0 0])
  ("Bishopric" .
   [1 0 0 0 0 0 0 0 0])
  ("sort" .
   [1 0 0 0])
  ("can't" .
   [1 0 0 0 0])
  ("try" .
   [1 0 0])
  ("Sisters" .
   [1 0 0 0 0 0 0])
  ("visit" .
   [1 0 0 0 0])
  ("dominated" .
   [2 0 0 0 0 0 0 0 0])
  ("k|" .
   [1 0])
  ("T|" .
   [1 0])
  ("2/3" .
   [1 0 0])
  ("00" .
   [1 0])
  ("fine" .
   [1 0 0 0])
  ("tune" .
   [1 0 0 0])
  ("initial" .
   [2 0 0 0 1 0 0])
  ("conditions" .
   [1 0 0 0 0 0 0 0 0 0])
  ("vpone" .
   [7 0 0 0 0])
  ("specialist" .
   [2 0 0 0 0 0 0 0 0 0])
  ("vptwo" .
   [6 0 0 0 0])
  ("Killed" .
   [8 0 0 0 0 0])
  ("leader" .
   [1 0 0 0 0 0])
  ("playertwo" .
   [1 0 0 0 0 0 0 0 0])
  ("load-theme" .
   [0 0 0 0 0 0 0 0 1 0])
  ("wombat" .
   [1 0 0 0 0 0])
  ("int" .
   [5 0 0])
  ("main" .
   [2 0 0 0])
  ("namespace" .
   [2 0 0 0 0 0 0 0 0])
  ("ifstream" .
   [8 0 0 0 0 0 0 0])
  ("open" .
   [10 0 1 0])
  ("Form" .
   [1 0 0 0])
  ("void" .
   [3 0 0 0])
  ("final_fit" .
   [1 0 0 0 0 0 0 0 0])
  ("TMath" .
   [1 0 0 0 0])
  ("Power" .
   [2 0 0 0 0])
  ("double" .
   [6 0 0 0 0 0])
  ("prefactor" .
   [2 0 0 0 0 0 0 0 0])
  ("1E13" .
   [2 0 0 0])
  ("const" .
   [2 0 0 0 0])
  ("char" .
   [1 0 0 0])
  ("file1" .
   [2 0 0 0 0])
  ("fileVector" .
   [9 0 0 0 2 2 1 0 0 0])
  ("endl" .
   [1 0 0 0])
  ("Int_t" .
   [1 0 0 1 0])
  ("TF1" .
   [6 0 0])
  ("1e" .
   [1 0])
  ("1E" .
   [12 0])
  ("h2" .
   [2 0])
  ("SetParameter" .
   [0 0 0 0 0 0 0 0 1 0 0 0])
  ("SetParameters" .
   [1 0 0 0 0 1 0 0 0 0 0 0 0])
  ("5e" .
   [1 0])
  ("TGraph" .
   [6 0 1 0 0 0])
  ("newFile" .
   [1 0 0 0 0 0 0])
  ("g23" .
   [5 0 0])
  ("TCanvas" .
   [1 0 1 0 0 2 0])
  ("c1" .
   [8 0])
  ("800" .
   [5 0 0])
  ("TH1F" .
   [1 0 0 0])
  ("TH2" .
   [2 0 0])
  ("hr" .
   [2 0])
  ("250" .
   [2 0 0])
  ("GetXaxis" .
   [2 0 0 1 4 0 0 0])
  ("g24" .
   [3 0 0])
  ("g22" .
   [2 0 0])
  ("Needs" .
   [2 0 0 0 0])
  ("Zhang" .
   [1 0 0 0 0])
  ("Perhaps" .
   [0 0 0 0 1 0 0])
  ("Bishop" .
   [1 0 0 0 0 0])
  ("told" .
   [1 0 0 0])
  ("parents" .
   [1 0 0 0 0 0 0])
  ("tuning" .
   [1 0 0 0 0 0])
  ("solved" .
   [1 0 0 0 0 0])
  ("Horizon" .
   [2 0 0 0 0 1 0])
  ("universe" .
   [1 0 0 0 0 0 0 0])
  ("k<0" .
   [1 0 0])
  ("happens" .
   [2 0 0 0 0 0 0])
  ("they" .
   [1 0 0 0])
  ("too" .
   [1 0 0])
  ("dz'" .
   [1 0 0])
  ("z'" .
   [1 0])
  ("k=0" .
   [1 0 0])
  ("1+z" .
   [2 0 0])
  ("up" .
   [1 0])
  ("textsuperscript" .
   [0 0 0 0 0 0 0 1 0 0 0 0 0 0 0])
  ("scale" .
   [3 0 0 0 0])
  ("graph" .
   [1 0 0 0 0])
  ("normal" .
   [1 0 0 0 0 0])
  ("point" .
   [1 0 0 0 0])
  ("each" .
   [1 0 0 0])
  ("said" .
   [1 0 0 0])
  ("radiation" .
   [7 0 0 0 0 0 0 0 0])
  ("GUT" .
   [7 0 0])
  ("mon" .
   [6 0 0])
  ("textmd" .
   [2 0 0 0 0 0])
  ("textsc" .
   [2 0 0 0 0 0])
  ("TGaxis" .
   [1 0 0 0 0 0])
  ("1000" .
   [3 0 0 0])
  ("axis1" .
   [1 0 0 0 0])
  ("gr1" .
   [3 0 0])
  ("5E15" .
   [1 0 0 0])
  ("cernGraph" .
   [2 0 0 0 0 2 0 1 0])
  ("TH2F" .
   [1 0 0 0])
  ("on_the_fly_test" .
   [0 0 0 0 1 0 0 0 0 0 0 0 0 0 0])
  ("gr2" .
   [1 0 0])
  ("advancedRaces.markdown" .
   [0 0 0 0 0 1 0 0 0 0 0 0 0 0 0 0 0 0 0 0 0 0])
  ("advancedPlayerGuide_beta.epub" .
   [0 0 0 0 0 0 0 0 0 0 0 1 0 0 0 0 0 0 0 0 0 0 0 0 0 0 0 0 0])
  ("g2" .
   [16 0])
  ("g3" .
   [7 0])
  ("g1" .
   [8 0])
  ("SetMarkerColor" .
   [1 0 0 0 0 0 0 0 0 0 0 0 0 0])
  ("lambertfunc" .
   [1 0 0 0 1 0 0 0 0 1 0])
  ("lambert" .
   [3 0 0 0 0 0 0])
  ("TMultiGraph" .
   [3 0 2 2 0 0 1 0 0 0 0])
  ("Add" .
   [3 0 0])
  ("mgaxes" .
   [8 0 0 0 0 0])
  ("lambertCERNfunc" .
   [2 0 0 0 1 0 0 0 0 1 0 1 0 0 0])
  ("SetLineStyle" .
   [1 0 0 0 0 0 0 0 0 0 0 0])
  ("SetLineColor" .
   [1 0 0 0 0 0 0 0 0 0 0 0])
  ("kBlue" .
   [1 0 0 0 0])
  ("Divide" .
   [2 0 0 0 0 0])
  ("SetTitle" .
   [7 0 0 0 0 0 0 0])
  ("cd" .
   [3 0])
  ("TStyle" .
   [2 0 0 0 0 0])
  ("SetLabelSize" .
   [1 0 0 0 0 0 0 0 0 0 0 0])
  ("s1" .
   [5 0])
  ("SetTitleSize" .
   [1 0 0 0 0 0 0 0 0 0 0 0])
  ("SetGrid" .
   [1 0 0 0 0 0 0])
  ("width=" .
   [5 0 0 0 0 0])
  ("pdf" .
   [4 0 0])
  ("similar" .
   [5 0 0 0 0 0 0])
  ("run" .
   [6 0 0])
  ("captionof" .
   [1 0 0 0 0 0 0 0 0])
  ("3rd" .
   [2 0 0])
  ("mg" .
   [5 0])
  ("leg" .
   [3 0 0])
  ("AddEntry" .
   [2 0 0 0 0 0 0 0])
  ("CERN" .
   [6 0 1 0])
  ("05" .
   [1 0])
  ("width=0" .
   [1 0 0 0 0 0 0])
  ("Graph" .
   [1 0 0 0 0])
  ("our" .
   [1 0 0])
  ("Heating" .
   [2 0 0 0 0 0 0])
  ("straight" .
   [1 0 0 0 0 0 0 0])
  ("jpg" .
   [1 0 0])
  ("taken" .
   [3 0 0 0 0])
  ("Cross" .
   [1 0 0 0 0])
  ("degrees" .
   [1 0 0 0 0 0 0])
  ("All" .
   [1 0 0])
  ("components" .
   [1 0 0 0 0 0 0 0 0 0])
  ("middle" .
   [1 0 0 0 0 0])
  ("matrix" .
   [1 0 0 0 0 0])
  ("t-z" .
   [1 0 0])
  ("direction" .
   [1 0 0 0 0 0 0 0 0])
  ("dropbox" .
   [1 0 0 0 0 0 0])))
